

knightAttack1 = [
    (0,16,48,80),
    (64,16,64,80),
    (145,16,80,80),
    (245,16,48,80),
    (313,16,96,96),
]

knightAttack2 = [
    (0,16,48,80),
    (102,16,64,80),
    (206,16,96,80),
    (304,16,96,80),
]

knightIdle = [
    (0,16,48,80),
    (64,16,48,80),
    (131,16,48,80),
    (198,16,64,80),
]

knightRun = [
    (0,16,48,80),
    (64,16,64,80),
    (137,16,64,80),
    (205,16,64,80),
    (275,16,64,80),
    (342,16,64,80),
    (415,16,48,80),
]

knightDead = [
    (0,16,48,80),
    (71,16,64,64),
    (153,16,64,48),
    (232,16,64,48),
    (309,16,64,48),
    (385,16,64,48),
]
